{
 "cells": [
  {
   "cell_type": "code",
   "execution_count": null,
   "metadata": {},
   "outputs": [],
   "source": [
    "import os\n",
    "import random\n",
    "import pathlib\n",
    "import time\n",
    "import struct\n",
    "import operator\n",
    "\n",
    "\n",
    "import numpy as np\n",
    "import pandas as pd\n",
    "import scipy\n",
    "import scipy.fft\n",
    "import phik\n",
    "\n",
    "from matplotlib import pyplot as plt\n",
    "import seaborn as sns\n",
    "\n",
    "import sqlite3\n",
    "import json\n",
    "\n",
    "# import torch as torch\n",
    "# device = torch.device(\"cuda\" if torch.cuda.is_available() else \"cpu\")\n",
    "\n",
    "from tqdm.notebook import tqdm\n",
    "\n",
    "from datasets import load_dataset, load_metric"
   ]
  },
  {
   "cell_type": "code",
   "execution_count": 253,
   "metadata": {},
   "outputs": [],
   "source": [
    "PROJECT_FOLDER = os.path.abspath(os.path.join(pathlib.Path().resolve(), os.pardir))\n",
    "\n",
    "TITANIC_NOTEBOOKS_FOLDER = pathlib.Path().resolve()\n",
    "\n",
    "TITANIC_RESULTS_FOLDER = os.path.join(PROJECT_FOLDER, 'titanic_results_folder')\n",
    "\n",
    "if not os.path.isdir(TITANIC_RESULTS_FOLDER):\n",
    "   os.makedirs(TITANIC_RESULTS_FOLDER)\n",
    "\n",
    "TITANIC_INITIAL_DATA_PATH = os.path.join(TITANIC_RESULTS_FOLDER, 'titanic_initial_data.csv')\n",
    "TITANIC_PROCESSED_DATA_PATH = os.path.join(TITANIC_RESULTS_FOLDER, 'titanic_processed_data.csv')"
   ]
  },
  {
   "cell_type": "code",
   "execution_count": 254,
   "metadata": {},
   "outputs": [],
   "source": [
    "df = sns.load_dataset('titanic')\n",
    "df_processed=df.copy()\n",
    "df.to_csv(TITANIC_INITIAL_DATA_PATH, index=False)"
   ]
  },
  {
   "cell_type": "code",
   "execution_count": 255,
   "metadata": {},
   "outputs": [
    {
     "data": {
      "text/html": [
       "<div>\n",
       "<style scoped>\n",
       "    .dataframe tbody tr th:only-of-type {\n",
       "        vertical-align: middle;\n",
       "    }\n",
       "\n",
       "    .dataframe tbody tr th {\n",
       "        vertical-align: top;\n",
       "    }\n",
       "\n",
       "    .dataframe thead th {\n",
       "        text-align: right;\n",
       "    }\n",
       "</style>\n",
       "<table border=\"1\" class=\"dataframe\">\n",
       "  <thead>\n",
       "    <tr style=\"text-align: right;\">\n",
       "      <th></th>\n",
       "      <th>survived</th>\n",
       "      <th>pclass</th>\n",
       "      <th>sex</th>\n",
       "      <th>age</th>\n",
       "      <th>sibsp</th>\n",
       "      <th>parch</th>\n",
       "      <th>fare</th>\n",
       "      <th>embarked</th>\n",
       "      <th>class</th>\n",
       "      <th>who</th>\n",
       "      <th>adult_male</th>\n",
       "      <th>deck</th>\n",
       "      <th>embark_town</th>\n",
       "      <th>alive</th>\n",
       "      <th>alone</th>\n",
       "    </tr>\n",
       "  </thead>\n",
       "  <tbody>\n",
       "    <tr>\n",
       "      <th>0</th>\n",
       "      <td>0</td>\n",
       "      <td>3</td>\n",
       "      <td>male</td>\n",
       "      <td>22.0</td>\n",
       "      <td>1</td>\n",
       "      <td>0</td>\n",
       "      <td>7.2500</td>\n",
       "      <td>S</td>\n",
       "      <td>Third</td>\n",
       "      <td>man</td>\n",
       "      <td>True</td>\n",
       "      <td>NaN</td>\n",
       "      <td>Southampton</td>\n",
       "      <td>no</td>\n",
       "      <td>False</td>\n",
       "    </tr>\n",
       "    <tr>\n",
       "      <th>1</th>\n",
       "      <td>1</td>\n",
       "      <td>1</td>\n",
       "      <td>female</td>\n",
       "      <td>38.0</td>\n",
       "      <td>1</td>\n",
       "      <td>0</td>\n",
       "      <td>71.2833</td>\n",
       "      <td>C</td>\n",
       "      <td>First</td>\n",
       "      <td>woman</td>\n",
       "      <td>False</td>\n",
       "      <td>C</td>\n",
       "      <td>Cherbourg</td>\n",
       "      <td>yes</td>\n",
       "      <td>False</td>\n",
       "    </tr>\n",
       "    <tr>\n",
       "      <th>2</th>\n",
       "      <td>1</td>\n",
       "      <td>3</td>\n",
       "      <td>female</td>\n",
       "      <td>26.0</td>\n",
       "      <td>0</td>\n",
       "      <td>0</td>\n",
       "      <td>7.9250</td>\n",
       "      <td>S</td>\n",
       "      <td>Third</td>\n",
       "      <td>woman</td>\n",
       "      <td>False</td>\n",
       "      <td>NaN</td>\n",
       "      <td>Southampton</td>\n",
       "      <td>yes</td>\n",
       "      <td>True</td>\n",
       "    </tr>\n",
       "    <tr>\n",
       "      <th>3</th>\n",
       "      <td>1</td>\n",
       "      <td>1</td>\n",
       "      <td>female</td>\n",
       "      <td>35.0</td>\n",
       "      <td>1</td>\n",
       "      <td>0</td>\n",
       "      <td>53.1000</td>\n",
       "      <td>S</td>\n",
       "      <td>First</td>\n",
       "      <td>woman</td>\n",
       "      <td>False</td>\n",
       "      <td>C</td>\n",
       "      <td>Southampton</td>\n",
       "      <td>yes</td>\n",
       "      <td>False</td>\n",
       "    </tr>\n",
       "    <tr>\n",
       "      <th>4</th>\n",
       "      <td>0</td>\n",
       "      <td>3</td>\n",
       "      <td>male</td>\n",
       "      <td>35.0</td>\n",
       "      <td>0</td>\n",
       "      <td>0</td>\n",
       "      <td>8.0500</td>\n",
       "      <td>S</td>\n",
       "      <td>Third</td>\n",
       "      <td>man</td>\n",
       "      <td>True</td>\n",
       "      <td>NaN</td>\n",
       "      <td>Southampton</td>\n",
       "      <td>no</td>\n",
       "      <td>True</td>\n",
       "    </tr>\n",
       "    <tr>\n",
       "      <th>...</th>\n",
       "      <td>...</td>\n",
       "      <td>...</td>\n",
       "      <td>...</td>\n",
       "      <td>...</td>\n",
       "      <td>...</td>\n",
       "      <td>...</td>\n",
       "      <td>...</td>\n",
       "      <td>...</td>\n",
       "      <td>...</td>\n",
       "      <td>...</td>\n",
       "      <td>...</td>\n",
       "      <td>...</td>\n",
       "      <td>...</td>\n",
       "      <td>...</td>\n",
       "      <td>...</td>\n",
       "    </tr>\n",
       "    <tr>\n",
       "      <th>886</th>\n",
       "      <td>0</td>\n",
       "      <td>2</td>\n",
       "      <td>male</td>\n",
       "      <td>27.0</td>\n",
       "      <td>0</td>\n",
       "      <td>0</td>\n",
       "      <td>13.0000</td>\n",
       "      <td>S</td>\n",
       "      <td>Second</td>\n",
       "      <td>man</td>\n",
       "      <td>True</td>\n",
       "      <td>NaN</td>\n",
       "      <td>Southampton</td>\n",
       "      <td>no</td>\n",
       "      <td>True</td>\n",
       "    </tr>\n",
       "    <tr>\n",
       "      <th>887</th>\n",
       "      <td>1</td>\n",
       "      <td>1</td>\n",
       "      <td>female</td>\n",
       "      <td>19.0</td>\n",
       "      <td>0</td>\n",
       "      <td>0</td>\n",
       "      <td>30.0000</td>\n",
       "      <td>S</td>\n",
       "      <td>First</td>\n",
       "      <td>woman</td>\n",
       "      <td>False</td>\n",
       "      <td>B</td>\n",
       "      <td>Southampton</td>\n",
       "      <td>yes</td>\n",
       "      <td>True</td>\n",
       "    </tr>\n",
       "    <tr>\n",
       "      <th>888</th>\n",
       "      <td>0</td>\n",
       "      <td>3</td>\n",
       "      <td>female</td>\n",
       "      <td>NaN</td>\n",
       "      <td>1</td>\n",
       "      <td>2</td>\n",
       "      <td>23.4500</td>\n",
       "      <td>S</td>\n",
       "      <td>Third</td>\n",
       "      <td>woman</td>\n",
       "      <td>False</td>\n",
       "      <td>NaN</td>\n",
       "      <td>Southampton</td>\n",
       "      <td>no</td>\n",
       "      <td>False</td>\n",
       "    </tr>\n",
       "    <tr>\n",
       "      <th>889</th>\n",
       "      <td>1</td>\n",
       "      <td>1</td>\n",
       "      <td>male</td>\n",
       "      <td>26.0</td>\n",
       "      <td>0</td>\n",
       "      <td>0</td>\n",
       "      <td>30.0000</td>\n",
       "      <td>C</td>\n",
       "      <td>First</td>\n",
       "      <td>man</td>\n",
       "      <td>True</td>\n",
       "      <td>C</td>\n",
       "      <td>Cherbourg</td>\n",
       "      <td>yes</td>\n",
       "      <td>True</td>\n",
       "    </tr>\n",
       "    <tr>\n",
       "      <th>890</th>\n",
       "      <td>0</td>\n",
       "      <td>3</td>\n",
       "      <td>male</td>\n",
       "      <td>32.0</td>\n",
       "      <td>0</td>\n",
       "      <td>0</td>\n",
       "      <td>7.7500</td>\n",
       "      <td>Q</td>\n",
       "      <td>Third</td>\n",
       "      <td>man</td>\n",
       "      <td>True</td>\n",
       "      <td>NaN</td>\n",
       "      <td>Queenstown</td>\n",
       "      <td>no</td>\n",
       "      <td>True</td>\n",
       "    </tr>\n",
       "  </tbody>\n",
       "</table>\n",
       "<p>891 rows × 15 columns</p>\n",
       "</div>"
      ],
      "text/plain": [
       "     survived  pclass     sex   age  sibsp  parch     fare embarked   class  \\\n",
       "0           0       3    male  22.0      1      0   7.2500        S   Third   \n",
       "1           1       1  female  38.0      1      0  71.2833        C   First   \n",
       "2           1       3  female  26.0      0      0   7.9250        S   Third   \n",
       "3           1       1  female  35.0      1      0  53.1000        S   First   \n",
       "4           0       3    male  35.0      0      0   8.0500        S   Third   \n",
       "..        ...     ...     ...   ...    ...    ...      ...      ...     ...   \n",
       "886         0       2    male  27.0      0      0  13.0000        S  Second   \n",
       "887         1       1  female  19.0      0      0  30.0000        S   First   \n",
       "888         0       3  female   NaN      1      2  23.4500        S   Third   \n",
       "889         1       1    male  26.0      0      0  30.0000        C   First   \n",
       "890         0       3    male  32.0      0      0   7.7500        Q   Third   \n",
       "\n",
       "       who  adult_male deck  embark_town alive  alone  \n",
       "0      man        True  NaN  Southampton    no  False  \n",
       "1    woman       False    C    Cherbourg   yes  False  \n",
       "2    woman       False  NaN  Southampton   yes   True  \n",
       "3    woman       False    C  Southampton   yes  False  \n",
       "4      man        True  NaN  Southampton    no   True  \n",
       "..     ...         ...  ...          ...   ...    ...  \n",
       "886    man        True  NaN  Southampton    no   True  \n",
       "887  woman       False    B  Southampton   yes   True  \n",
       "888  woman       False  NaN  Southampton    no  False  \n",
       "889    man        True    C    Cherbourg   yes   True  \n",
       "890    man        True  NaN   Queenstown    no   True  \n",
       "\n",
       "[891 rows x 15 columns]"
      ]
     },
     "execution_count": 255,
     "metadata": {},
     "output_type": "execute_result"
    }
   ],
   "source": [
    "df"
   ]
  },
  {
   "cell_type": "code",
   "execution_count": 256,
   "metadata": {},
   "outputs": [
    {
     "data": {
      "text/html": [
       "<div>\n",
       "<style scoped>\n",
       "    .dataframe tbody tr th:only-of-type {\n",
       "        vertical-align: middle;\n",
       "    }\n",
       "\n",
       "    .dataframe tbody tr th {\n",
       "        vertical-align: top;\n",
       "    }\n",
       "\n",
       "    .dataframe thead th {\n",
       "        text-align: right;\n",
       "    }\n",
       "</style>\n",
       "<table border=\"1\" class=\"dataframe\">\n",
       "  <thead>\n",
       "    <tr style=\"text-align: right;\">\n",
       "      <th></th>\n",
       "      <th>survived</th>\n",
       "      <th>pclass</th>\n",
       "      <th>age</th>\n",
       "      <th>sibsp</th>\n",
       "      <th>parch</th>\n",
       "      <th>fare</th>\n",
       "    </tr>\n",
       "  </thead>\n",
       "  <tbody>\n",
       "    <tr>\n",
       "      <th>count</th>\n",
       "      <td>891.000000</td>\n",
       "      <td>891.000000</td>\n",
       "      <td>714.000000</td>\n",
       "      <td>891.000000</td>\n",
       "      <td>891.000000</td>\n",
       "      <td>891.000000</td>\n",
       "    </tr>\n",
       "    <tr>\n",
       "      <th>mean</th>\n",
       "      <td>0.383838</td>\n",
       "      <td>2.308642</td>\n",
       "      <td>29.699118</td>\n",
       "      <td>0.523008</td>\n",
       "      <td>0.381594</td>\n",
       "      <td>32.204208</td>\n",
       "    </tr>\n",
       "    <tr>\n",
       "      <th>std</th>\n",
       "      <td>0.486592</td>\n",
       "      <td>0.836071</td>\n",
       "      <td>14.526497</td>\n",
       "      <td>1.102743</td>\n",
       "      <td>0.806057</td>\n",
       "      <td>49.693429</td>\n",
       "    </tr>\n",
       "    <tr>\n",
       "      <th>min</th>\n",
       "      <td>0.000000</td>\n",
       "      <td>1.000000</td>\n",
       "      <td>0.420000</td>\n",
       "      <td>0.000000</td>\n",
       "      <td>0.000000</td>\n",
       "      <td>0.000000</td>\n",
       "    </tr>\n",
       "    <tr>\n",
       "      <th>25%</th>\n",
       "      <td>0.000000</td>\n",
       "      <td>2.000000</td>\n",
       "      <td>20.125000</td>\n",
       "      <td>0.000000</td>\n",
       "      <td>0.000000</td>\n",
       "      <td>7.910400</td>\n",
       "    </tr>\n",
       "    <tr>\n",
       "      <th>50%</th>\n",
       "      <td>0.000000</td>\n",
       "      <td>3.000000</td>\n",
       "      <td>28.000000</td>\n",
       "      <td>0.000000</td>\n",
       "      <td>0.000000</td>\n",
       "      <td>14.454200</td>\n",
       "    </tr>\n",
       "    <tr>\n",
       "      <th>75%</th>\n",
       "      <td>1.000000</td>\n",
       "      <td>3.000000</td>\n",
       "      <td>38.000000</td>\n",
       "      <td>1.000000</td>\n",
       "      <td>0.000000</td>\n",
       "      <td>31.000000</td>\n",
       "    </tr>\n",
       "    <tr>\n",
       "      <th>max</th>\n",
       "      <td>1.000000</td>\n",
       "      <td>3.000000</td>\n",
       "      <td>80.000000</td>\n",
       "      <td>8.000000</td>\n",
       "      <td>6.000000</td>\n",
       "      <td>512.329200</td>\n",
       "    </tr>\n",
       "  </tbody>\n",
       "</table>\n",
       "</div>"
      ],
      "text/plain": [
       "         survived      pclass         age       sibsp       parch        fare\n",
       "count  891.000000  891.000000  714.000000  891.000000  891.000000  891.000000\n",
       "mean     0.383838    2.308642   29.699118    0.523008    0.381594   32.204208\n",
       "std      0.486592    0.836071   14.526497    1.102743    0.806057   49.693429\n",
       "min      0.000000    1.000000    0.420000    0.000000    0.000000    0.000000\n",
       "25%      0.000000    2.000000   20.125000    0.000000    0.000000    7.910400\n",
       "50%      0.000000    3.000000   28.000000    0.000000    0.000000   14.454200\n",
       "75%      1.000000    3.000000   38.000000    1.000000    0.000000   31.000000\n",
       "max      1.000000    3.000000   80.000000    8.000000    6.000000  512.329200"
      ]
     },
     "execution_count": 256,
     "metadata": {},
     "output_type": "execute_result"
    }
   ],
   "source": [
    "df.describe()"
   ]
  },
  {
   "cell_type": "code",
   "execution_count": 257,
   "metadata": {},
   "outputs": [
    {
     "data": {
      "text/plain": [
       "survived          int64\n",
       "pclass            int64\n",
       "sex              object\n",
       "age             float64\n",
       "sibsp             int64\n",
       "parch             int64\n",
       "fare            float64\n",
       "embarked         object\n",
       "class          category\n",
       "who              object\n",
       "adult_male         bool\n",
       "deck           category\n",
       "embark_town      object\n",
       "alive            object\n",
       "alone              bool\n",
       "dtype: object"
      ]
     },
     "execution_count": 257,
     "metadata": {},
     "output_type": "execute_result"
    }
   ],
   "source": [
    "df.dtypes"
   ]
  },
  {
   "cell_type": "code",
   "execution_count": 258,
   "metadata": {},
   "outputs": [
    {
     "data": {
      "text/plain": [
       "survived         0\n",
       "pclass           0\n",
       "sex              0\n",
       "age            177\n",
       "sibsp            0\n",
       "parch            0\n",
       "fare             0\n",
       "embarked         2\n",
       "class            0\n",
       "who              0\n",
       "adult_male       0\n",
       "deck           688\n",
       "embark_town      2\n",
       "alive            0\n",
       "alone            0\n",
       "dtype: int64"
      ]
     },
     "execution_count": 258,
     "metadata": {},
     "output_type": "execute_result"
    }
   ],
   "source": [
    "df.isna().sum()"
   ]
  },
  {
   "cell_type": "code",
   "execution_count": 259,
   "metadata": {},
   "outputs": [
    {
     "data": {
      "text/html": [
       "<div>\n",
       "<style scoped>\n",
       "    .dataframe tbody tr th:only-of-type {\n",
       "        vertical-align: middle;\n",
       "    }\n",
       "\n",
       "    .dataframe tbody tr th {\n",
       "        vertical-align: top;\n",
       "    }\n",
       "\n",
       "    .dataframe thead th {\n",
       "        text-align: right;\n",
       "    }\n",
       "</style>\n",
       "<table border=\"1\" class=\"dataframe\">\n",
       "  <thead>\n",
       "    <tr style=\"text-align: right;\">\n",
       "      <th></th>\n",
       "      <th>survived</th>\n",
       "      <th>pclass</th>\n",
       "      <th>age</th>\n",
       "      <th>sibsp</th>\n",
       "      <th>parch</th>\n",
       "      <th>fare</th>\n",
       "      <th>adult_male</th>\n",
       "      <th>alone</th>\n",
       "    </tr>\n",
       "  </thead>\n",
       "  <tbody>\n",
       "    <tr>\n",
       "      <th>survived</th>\n",
       "      <td>1.000000</td>\n",
       "      <td>-0.338481</td>\n",
       "      <td>-0.077221</td>\n",
       "      <td>-0.035322</td>\n",
       "      <td>0.081629</td>\n",
       "      <td>0.257307</td>\n",
       "      <td>-0.557080</td>\n",
       "      <td>-0.203367</td>\n",
       "    </tr>\n",
       "    <tr>\n",
       "      <th>pclass</th>\n",
       "      <td>-0.338481</td>\n",
       "      <td>1.000000</td>\n",
       "      <td>-0.369226</td>\n",
       "      <td>0.083081</td>\n",
       "      <td>0.018443</td>\n",
       "      <td>-0.549500</td>\n",
       "      <td>0.094035</td>\n",
       "      <td>0.135207</td>\n",
       "    </tr>\n",
       "    <tr>\n",
       "      <th>age</th>\n",
       "      <td>-0.077221</td>\n",
       "      <td>-0.369226</td>\n",
       "      <td>1.000000</td>\n",
       "      <td>-0.308247</td>\n",
       "      <td>-0.189119</td>\n",
       "      <td>0.096067</td>\n",
       "      <td>0.280328</td>\n",
       "      <td>0.198270</td>\n",
       "    </tr>\n",
       "    <tr>\n",
       "      <th>sibsp</th>\n",
       "      <td>-0.035322</td>\n",
       "      <td>0.083081</td>\n",
       "      <td>-0.308247</td>\n",
       "      <td>1.000000</td>\n",
       "      <td>0.414838</td>\n",
       "      <td>0.159651</td>\n",
       "      <td>-0.253586</td>\n",
       "      <td>-0.584471</td>\n",
       "    </tr>\n",
       "    <tr>\n",
       "      <th>parch</th>\n",
       "      <td>0.081629</td>\n",
       "      <td>0.018443</td>\n",
       "      <td>-0.189119</td>\n",
       "      <td>0.414838</td>\n",
       "      <td>1.000000</td>\n",
       "      <td>0.216225</td>\n",
       "      <td>-0.349943</td>\n",
       "      <td>-0.583398</td>\n",
       "    </tr>\n",
       "    <tr>\n",
       "      <th>fare</th>\n",
       "      <td>0.257307</td>\n",
       "      <td>-0.549500</td>\n",
       "      <td>0.096067</td>\n",
       "      <td>0.159651</td>\n",
       "      <td>0.216225</td>\n",
       "      <td>1.000000</td>\n",
       "      <td>-0.182024</td>\n",
       "      <td>-0.271832</td>\n",
       "    </tr>\n",
       "    <tr>\n",
       "      <th>adult_male</th>\n",
       "      <td>-0.557080</td>\n",
       "      <td>0.094035</td>\n",
       "      <td>0.280328</td>\n",
       "      <td>-0.253586</td>\n",
       "      <td>-0.349943</td>\n",
       "      <td>-0.182024</td>\n",
       "      <td>1.000000</td>\n",
       "      <td>0.404744</td>\n",
       "    </tr>\n",
       "    <tr>\n",
       "      <th>alone</th>\n",
       "      <td>-0.203367</td>\n",
       "      <td>0.135207</td>\n",
       "      <td>0.198270</td>\n",
       "      <td>-0.584471</td>\n",
       "      <td>-0.583398</td>\n",
       "      <td>-0.271832</td>\n",
       "      <td>0.404744</td>\n",
       "      <td>1.000000</td>\n",
       "    </tr>\n",
       "  </tbody>\n",
       "</table>\n",
       "</div>"
      ],
      "text/plain": [
       "            survived    pclass       age     sibsp     parch      fare  \\\n",
       "survived    1.000000 -0.338481 -0.077221 -0.035322  0.081629  0.257307   \n",
       "pclass     -0.338481  1.000000 -0.369226  0.083081  0.018443 -0.549500   \n",
       "age        -0.077221 -0.369226  1.000000 -0.308247 -0.189119  0.096067   \n",
       "sibsp      -0.035322  0.083081 -0.308247  1.000000  0.414838  0.159651   \n",
       "parch       0.081629  0.018443 -0.189119  0.414838  1.000000  0.216225   \n",
       "fare        0.257307 -0.549500  0.096067  0.159651  0.216225  1.000000   \n",
       "adult_male -0.557080  0.094035  0.280328 -0.253586 -0.349943 -0.182024   \n",
       "alone      -0.203367  0.135207  0.198270 -0.584471 -0.583398 -0.271832   \n",
       "\n",
       "            adult_male     alone  \n",
       "survived     -0.557080 -0.203367  \n",
       "pclass        0.094035  0.135207  \n",
       "age           0.280328  0.198270  \n",
       "sibsp        -0.253586 -0.584471  \n",
       "parch        -0.349943 -0.583398  \n",
       "fare         -0.182024 -0.271832  \n",
       "adult_male    1.000000  0.404744  \n",
       "alone         0.404744  1.000000  "
      ]
     },
     "execution_count": 259,
     "metadata": {},
     "output_type": "execute_result"
    }
   ],
   "source": [
    "#Pirson Correlation\n",
    "df._get_numeric_data().corr()"
   ]
  },
  {
   "cell_type": "code",
   "execution_count": 260,
   "metadata": {},
   "outputs": [
    {
     "name": "stdout",
     "output_type": "stream",
     "text": [
      "interval columns not set, guessing: ['survived', 'pclass', 'age', 'sibsp', 'parch', 'fare']\n"
     ]
    },
    {
     "data": {
      "text/html": [
       "<div>\n",
       "<style scoped>\n",
       "    .dataframe tbody tr th:only-of-type {\n",
       "        vertical-align: middle;\n",
       "    }\n",
       "\n",
       "    .dataframe tbody tr th {\n",
       "        vertical-align: top;\n",
       "    }\n",
       "\n",
       "    .dataframe thead th {\n",
       "        text-align: right;\n",
       "    }\n",
       "</style>\n",
       "<table border=\"1\" class=\"dataframe\">\n",
       "  <thead>\n",
       "    <tr style=\"text-align: right;\">\n",
       "      <th></th>\n",
       "      <th>survived</th>\n",
       "      <th>pclass</th>\n",
       "      <th>sex</th>\n",
       "      <th>age</th>\n",
       "      <th>sibsp</th>\n",
       "      <th>parch</th>\n",
       "      <th>fare</th>\n",
       "      <th>embarked</th>\n",
       "      <th>class</th>\n",
       "      <th>who</th>\n",
       "      <th>adult_male</th>\n",
       "      <th>deck</th>\n",
       "      <th>embark_town</th>\n",
       "      <th>alive</th>\n",
       "      <th>alone</th>\n",
       "    </tr>\n",
       "  </thead>\n",
       "  <tbody>\n",
       "    <tr>\n",
       "      <th>survived</th>\n",
       "      <td>1.000000</td>\n",
       "      <td>0.205464</td>\n",
       "      <td>0.750322</td>\n",
       "      <td>0.203348</td>\n",
       "      <td>0.175652</td>\n",
       "      <td>0.147080</td>\n",
       "      <td>0.265387</td>\n",
       "      <td>0.100349</td>\n",
       "      <td>0.205464</td>\n",
       "      <td>0.352948</td>\n",
       "      <td>0.764495</td>\n",
       "      <td>0.101669</td>\n",
       "      <td>0.100349</td>\n",
       "      <td>0.999994</td>\n",
       "      <td>0.306491</td>\n",
       "    </tr>\n",
       "    <tr>\n",
       "      <th>pclass</th>\n",
       "      <td>0.205464</td>\n",
       "      <td>1.000000</td>\n",
       "      <td>0.078281</td>\n",
       "      <td>0.409334</td>\n",
       "      <td>0.216296</td>\n",
       "      <td>0.033361</td>\n",
       "      <td>0.588122</td>\n",
       "      <td>0.584054</td>\n",
       "      <td>1.000000</td>\n",
       "      <td>0.380083</td>\n",
       "      <td>0.057740</td>\n",
       "      <td>0.713564</td>\n",
       "      <td>0.584054</td>\n",
       "      <td>0.205464</td>\n",
       "      <td>0.076925</td>\n",
       "    </tr>\n",
       "    <tr>\n",
       "      <th>sex</th>\n",
       "      <td>0.750322</td>\n",
       "      <td>0.078281</td>\n",
       "      <td>1.000000</td>\n",
       "      <td>0.130602</td>\n",
       "      <td>0.192974</td>\n",
       "      <td>0.231568</td>\n",
       "      <td>0.176741</td>\n",
       "      <td>0.068222</td>\n",
       "      <td>0.078281</td>\n",
       "      <td>0.699361</td>\n",
       "      <td>0.989134</td>\n",
       "      <td>0.225356</td>\n",
       "      <td>0.068222</td>\n",
       "      <td>0.750322</td>\n",
       "      <td>0.453353</td>\n",
       "    </tr>\n",
       "    <tr>\n",
       "      <th>age</th>\n",
       "      <td>0.203348</td>\n",
       "      <td>0.409334</td>\n",
       "      <td>0.130602</td>\n",
       "      <td>1.000000</td>\n",
       "      <td>0.406231</td>\n",
       "      <td>0.405800</td>\n",
       "      <td>0.166983</td>\n",
       "      <td>0.109913</td>\n",
       "      <td>0.409334</td>\n",
       "      <td>0.773458</td>\n",
       "      <td>0.511288</td>\n",
       "      <td>0.374095</td>\n",
       "      <td>0.109913</td>\n",
       "      <td>0.203348</td>\n",
       "      <td>0.458638</td>\n",
       "    </tr>\n",
       "    <tr>\n",
       "      <th>sibsp</th>\n",
       "      <td>0.175652</td>\n",
       "      <td>0.216296</td>\n",
       "      <td>0.192974</td>\n",
       "      <td>0.406231</td>\n",
       "      <td>1.000000</td>\n",
       "      <td>0.589912</td>\n",
       "      <td>0.497583</td>\n",
       "      <td>0.137069</td>\n",
       "      <td>0.216296</td>\n",
       "      <td>0.486444</td>\n",
       "      <td>0.302998</td>\n",
       "      <td>0.264976</td>\n",
       "      <td>0.137069</td>\n",
       "      <td>0.175652</td>\n",
       "      <td>0.773836</td>\n",
       "    </tr>\n",
       "    <tr>\n",
       "      <th>parch</th>\n",
       "      <td>0.147080</td>\n",
       "      <td>0.033361</td>\n",
       "      <td>0.231568</td>\n",
       "      <td>0.405800</td>\n",
       "      <td>0.589912</td>\n",
       "      <td>1.000000</td>\n",
       "      <td>0.337206</td>\n",
       "      <td>0.077919</td>\n",
       "      <td>0.033361</td>\n",
       "      <td>0.499134</td>\n",
       "      <td>0.367245</td>\n",
       "      <td>0.301152</td>\n",
       "      <td>0.077919</td>\n",
       "      <td>0.147080</td>\n",
       "      <td>0.637895</td>\n",
       "    </tr>\n",
       "    <tr>\n",
       "      <th>fare</th>\n",
       "      <td>0.265387</td>\n",
       "      <td>0.588122</td>\n",
       "      <td>0.176741</td>\n",
       "      <td>0.166983</td>\n",
       "      <td>0.497583</td>\n",
       "      <td>0.337206</td>\n",
       "      <td>1.000000</td>\n",
       "      <td>0.280664</td>\n",
       "      <td>0.588122</td>\n",
       "      <td>0.232134</td>\n",
       "      <td>0.153343</td>\n",
       "      <td>0.476480</td>\n",
       "      <td>0.280664</td>\n",
       "      <td>0.265387</td>\n",
       "      <td>0.285286</td>\n",
       "    </tr>\n",
       "    <tr>\n",
       "      <th>embarked</th>\n",
       "      <td>0.100349</td>\n",
       "      <td>0.584054</td>\n",
       "      <td>0.068222</td>\n",
       "      <td>0.109913</td>\n",
       "      <td>0.137069</td>\n",
       "      <td>0.077919</td>\n",
       "      <td>0.280664</td>\n",
       "      <td>1.000000</td>\n",
       "      <td>0.584054</td>\n",
       "      <td>0.246100</td>\n",
       "      <td>0.060900</td>\n",
       "      <td>0.217207</td>\n",
       "      <td>1.000000</td>\n",
       "      <td>0.100349</td>\n",
       "      <td>0.066504</td>\n",
       "    </tr>\n",
       "    <tr>\n",
       "      <th>class</th>\n",
       "      <td>0.205464</td>\n",
       "      <td>1.000000</td>\n",
       "      <td>0.078281</td>\n",
       "      <td>0.409334</td>\n",
       "      <td>0.216296</td>\n",
       "      <td>0.033361</td>\n",
       "      <td>0.588122</td>\n",
       "      <td>0.584054</td>\n",
       "      <td>1.000000</td>\n",
       "      <td>0.380083</td>\n",
       "      <td>0.057740</td>\n",
       "      <td>0.713564</td>\n",
       "      <td>0.584054</td>\n",
       "      <td>0.205464</td>\n",
       "      <td>0.076925</td>\n",
       "    </tr>\n",
       "    <tr>\n",
       "      <th>who</th>\n",
       "      <td>0.352948</td>\n",
       "      <td>0.380083</td>\n",
       "      <td>0.699361</td>\n",
       "      <td>0.773458</td>\n",
       "      <td>0.486444</td>\n",
       "      <td>0.499134</td>\n",
       "      <td>0.232134</td>\n",
       "      <td>0.246100</td>\n",
       "      <td>0.380083</td>\n",
       "      <td>1.000000</td>\n",
       "      <td>1.000000</td>\n",
       "      <td>0.378650</td>\n",
       "      <td>0.246100</td>\n",
       "      <td>0.352948</td>\n",
       "      <td>0.278429</td>\n",
       "    </tr>\n",
       "    <tr>\n",
       "      <th>adult_male</th>\n",
       "      <td>0.764495</td>\n",
       "      <td>0.057740</td>\n",
       "      <td>0.989134</td>\n",
       "      <td>0.511288</td>\n",
       "      <td>0.302998</td>\n",
       "      <td>0.367245</td>\n",
       "      <td>0.153343</td>\n",
       "      <td>0.060900</td>\n",
       "      <td>0.057740</td>\n",
       "      <td>1.000000</td>\n",
       "      <td>1.000000</td>\n",
       "      <td>0.197422</td>\n",
       "      <td>0.060900</td>\n",
       "      <td>0.764495</td>\n",
       "      <td>0.589346</td>\n",
       "    </tr>\n",
       "    <tr>\n",
       "      <th>deck</th>\n",
       "      <td>0.101669</td>\n",
       "      <td>0.713564</td>\n",
       "      <td>0.225356</td>\n",
       "      <td>0.374095</td>\n",
       "      <td>0.264976</td>\n",
       "      <td>0.301152</td>\n",
       "      <td>0.476480</td>\n",
       "      <td>0.217207</td>\n",
       "      <td>0.713564</td>\n",
       "      <td>0.378650</td>\n",
       "      <td>0.197422</td>\n",
       "      <td>1.000000</td>\n",
       "      <td>0.217207</td>\n",
       "      <td>0.101669</td>\n",
       "      <td>0.185515</td>\n",
       "    </tr>\n",
       "    <tr>\n",
       "      <th>embark_town</th>\n",
       "      <td>0.100349</td>\n",
       "      <td>0.584054</td>\n",
       "      <td>0.068222</td>\n",
       "      <td>0.109913</td>\n",
       "      <td>0.137069</td>\n",
       "      <td>0.077919</td>\n",
       "      <td>0.280664</td>\n",
       "      <td>1.000000</td>\n",
       "      <td>0.584054</td>\n",
       "      <td>0.246100</td>\n",
       "      <td>0.060900</td>\n",
       "      <td>0.217207</td>\n",
       "      <td>1.000000</td>\n",
       "      <td>0.100349</td>\n",
       "      <td>0.066504</td>\n",
       "    </tr>\n",
       "    <tr>\n",
       "      <th>alive</th>\n",
       "      <td>0.999994</td>\n",
       "      <td>0.205464</td>\n",
       "      <td>0.750322</td>\n",
       "      <td>0.203348</td>\n",
       "      <td>0.175652</td>\n",
       "      <td>0.147080</td>\n",
       "      <td>0.265387</td>\n",
       "      <td>0.100349</td>\n",
       "      <td>0.205464</td>\n",
       "      <td>0.352948</td>\n",
       "      <td>0.764495</td>\n",
       "      <td>0.101669</td>\n",
       "      <td>0.100349</td>\n",
       "      <td>1.000000</td>\n",
       "      <td>0.306491</td>\n",
       "    </tr>\n",
       "    <tr>\n",
       "      <th>alone</th>\n",
       "      <td>0.306491</td>\n",
       "      <td>0.076925</td>\n",
       "      <td>0.453353</td>\n",
       "      <td>0.458638</td>\n",
       "      <td>0.773836</td>\n",
       "      <td>0.637895</td>\n",
       "      <td>0.285286</td>\n",
       "      <td>0.066504</td>\n",
       "      <td>0.076925</td>\n",
       "      <td>0.278429</td>\n",
       "      <td>0.589346</td>\n",
       "      <td>0.185515</td>\n",
       "      <td>0.066504</td>\n",
       "      <td>0.306491</td>\n",
       "      <td>1.000000</td>\n",
       "    </tr>\n",
       "  </tbody>\n",
       "</table>\n",
       "</div>"
      ],
      "text/plain": [
       "             survived    pclass       sex       age     sibsp     parch  \\\n",
       "survived     1.000000  0.205464  0.750322  0.203348  0.175652  0.147080   \n",
       "pclass       0.205464  1.000000  0.078281  0.409334  0.216296  0.033361   \n",
       "sex          0.750322  0.078281  1.000000  0.130602  0.192974  0.231568   \n",
       "age          0.203348  0.409334  0.130602  1.000000  0.406231  0.405800   \n",
       "sibsp        0.175652  0.216296  0.192974  0.406231  1.000000  0.589912   \n",
       "parch        0.147080  0.033361  0.231568  0.405800  0.589912  1.000000   \n",
       "fare         0.265387  0.588122  0.176741  0.166983  0.497583  0.337206   \n",
       "embarked     0.100349  0.584054  0.068222  0.109913  0.137069  0.077919   \n",
       "class        0.205464  1.000000  0.078281  0.409334  0.216296  0.033361   \n",
       "who          0.352948  0.380083  0.699361  0.773458  0.486444  0.499134   \n",
       "adult_male   0.764495  0.057740  0.989134  0.511288  0.302998  0.367245   \n",
       "deck         0.101669  0.713564  0.225356  0.374095  0.264976  0.301152   \n",
       "embark_town  0.100349  0.584054  0.068222  0.109913  0.137069  0.077919   \n",
       "alive        0.999994  0.205464  0.750322  0.203348  0.175652  0.147080   \n",
       "alone        0.306491  0.076925  0.453353  0.458638  0.773836  0.637895   \n",
       "\n",
       "                 fare  embarked     class       who  adult_male      deck  \\\n",
       "survived     0.265387  0.100349  0.205464  0.352948    0.764495  0.101669   \n",
       "pclass       0.588122  0.584054  1.000000  0.380083    0.057740  0.713564   \n",
       "sex          0.176741  0.068222  0.078281  0.699361    0.989134  0.225356   \n",
       "age          0.166983  0.109913  0.409334  0.773458    0.511288  0.374095   \n",
       "sibsp        0.497583  0.137069  0.216296  0.486444    0.302998  0.264976   \n",
       "parch        0.337206  0.077919  0.033361  0.499134    0.367245  0.301152   \n",
       "fare         1.000000  0.280664  0.588122  0.232134    0.153343  0.476480   \n",
       "embarked     0.280664  1.000000  0.584054  0.246100    0.060900  0.217207   \n",
       "class        0.588122  0.584054  1.000000  0.380083    0.057740  0.713564   \n",
       "who          0.232134  0.246100  0.380083  1.000000    1.000000  0.378650   \n",
       "adult_male   0.153343  0.060900  0.057740  1.000000    1.000000  0.197422   \n",
       "deck         0.476480  0.217207  0.713564  0.378650    0.197422  1.000000   \n",
       "embark_town  0.280664  1.000000  0.584054  0.246100    0.060900  0.217207   \n",
       "alive        0.265387  0.100349  0.205464  0.352948    0.764495  0.101669   \n",
       "alone        0.285286  0.066504  0.076925  0.278429    0.589346  0.185515   \n",
       "\n",
       "             embark_town     alive     alone  \n",
       "survived        0.100349  0.999994  0.306491  \n",
       "pclass          0.584054  0.205464  0.076925  \n",
       "sex             0.068222  0.750322  0.453353  \n",
       "age             0.109913  0.203348  0.458638  \n",
       "sibsp           0.137069  0.175652  0.773836  \n",
       "parch           0.077919  0.147080  0.637895  \n",
       "fare            0.280664  0.265387  0.285286  \n",
       "embarked        1.000000  0.100349  0.066504  \n",
       "class           0.584054  0.205464  0.076925  \n",
       "who             0.246100  0.352948  0.278429  \n",
       "adult_male      0.060900  0.764495  0.589346  \n",
       "deck            0.217207  0.101669  0.185515  \n",
       "embark_town     1.000000  0.100349  0.066504  \n",
       "alive           0.100349  1.000000  0.306491  \n",
       "alone           0.066504  0.306491  1.000000  "
      ]
     },
     "execution_count": 260,
     "metadata": {},
     "output_type": "execute_result"
    }
   ],
   "source": [
    "#Phik correlation\n",
    "phik_matrix = df.phik_matrix()\n",
    "phik_matrix"
   ]
  },
  {
   "cell_type": "code",
   "execution_count": 261,
   "metadata": {},
   "outputs": [
    {
     "name": "stdout",
     "output_type": "stream",
     "text": [
      "columns with phik corellation >= 0.95:\n",
      "[['alive', 'survived'], ['class', 'pclass'], ['adult_male', 'sex'], ['embark_town', 'embarked'], ['adult_male', 'who']]\n"
     ]
    }
   ],
   "source": [
    "# find any corellated columns from phik_matrix\n",
    "# we must check all values beyond diagonal, if they are close to 1\n",
    "number_of_columns = df.columns.values.size\n",
    "corelated_columns = []\n",
    "for i in range(number_of_columns):\n",
    "    for j in range(i+1,number_of_columns):\n",
    "        if phik_matrix.iloc[j,i] >= 0.95:\n",
    "            current_row = phik_matrix.index.values[j]\n",
    "            current_column = phik_matrix.columns.values[i]\n",
    "            corelated_columns.append([current_row, current_column])\n",
    "print(f'columns with phik corellation >= 0.95:\\n{corelated_columns}')"
   ]
  },
  {
   "cell_type": "code",
   "execution_count": 262,
   "metadata": {},
   "outputs": [
    {
     "name": "stdout",
     "output_type": "stream",
     "text": [
      "[False False False False False False False False False False False False\n",
      " False False False False False False False False False False False False\n",
      " False False False False False False False False False False False False\n",
      " False False False False False False False False False False False False\n",
      " False False False False False False False False False False False False\n",
      " False False False False False False False False False False False False\n",
      " False False False False False False False False False False False False\n",
      " False False False False False False False False False False False False\n",
      " False False False False False False False False False False False False\n",
      " False False False False False False False False False False False False\n",
      " False False False False False False False False False False False False\n",
      " False False False False False False False False False False False False\n",
      " False False False False False False False False False False False False\n",
      " False False False False False False False False False False False False\n",
      " False False False False False False False False False False False False\n",
